45 45
25
4
5 5
9 5
9 9
5 9
4
5 13
9 13
9 17
5 17
4
5 21
9 21
9 25
5 25
4
5 29
9 29
9 33
5 33
4
5 37
9 37
9 41
5 41
4
13 5
17 5
17 9
13 9
4
13 13
17 13
17 17
13 17
4
13 21
17 21
17 25
13 25
4
13 29
17 29
17 33
13 33
4
13 37
17 37
17 41
13 41
4
21 5
25 5
25 9
21 9
4
21 13
25 13
25 17
21 17
4
21 21
25 21
25 25
21 25
4
21 29
25 29
25 33
21 33
4
21 37
25 37
25 41
21 41
4
29 5
33 5
33 9
29 9
4
29 13
33 13
33 17
29 17
4
29 21
33 21
33 25
29 25
4
29 29
33 29
33 33
29 33
4
29 37
33 37
33 41
29 41
4
37 5
41 5
41 9
37 9
4
37 13
41 13
41 17
37 17
4
37 21
41 21
41 25
37 25
4
37 29
41 29
41 33
37 33
4
37 37
41 37
41 41
37 41
