50 50
80
4
33 33
34 33
34 38
33 38
4
23 28
24 28
24 33
23 33
4
3 3
4 3
4 8
3 8
4
13 8
14 8
14 13
13 13
4
33 28
38 28
38 29
33 29
4
3 33
4 33
4 38
3 38
4
43 8
48 8
48 9
43 9
4
3 33
4 33
4 38
3 38
4
23 13
24 13
24 18
23 18
4
38 33
39 33
39 38
38 38
4
3 28
8 28
8 29
3 29
4
38 8
43 8
43 9
38 9
4
43 23
44 23
44 28
43 28
4
18 18
19 18
19 23
18 23
4
3 38
8 38
8 39
3 39
4
13 13
18 13
18 14
13 14
4
28 38
33 38
33 39
28 39
4
18 13
19 13
19 18
18 18
4
43 33
44 33
44 38
43 38
4
3 43
8 43
8 44
3 44
4
33 38
38 38
38 39
33 39
4
23 8
28 8
28 9
23 9
4
13 43
14 43
14 48
13 48
4
18 8
19 8
19 13
18 13
4
43 8
48 8
48 9
43 9
4
23 43
28 43
28 44
23 44
4
43 18
48 18
48 19
43 19
4
13 38
14 38
14 43
13 43
4
28 23
33 23
33 24
28 24
4
13 13
14 13
14 18
13 18
4
33 28
34 28
34 33
33 33
4
23 43
24 43
24 48
23 48
4
38 18
43 18
43 19
38 19
4
43 28
48 28
48 29
43 29
4
3 23
8 23
8 24
3 24
4
23 28
28 28
28 29
23 29
4
3 13
4 13
4 18
3 18
4
8 18
9 18
9 23
8 23
4
23 28
24 28
24 33
23 33
4
28 33
29 33
29 38
28 38
4
23 8
24 8
24 13
23 13
4
43 8
44 8
44 13
43 13
4
3 13
8 13
8 14
3 14
4
38 33
43 33
43 34
38 34
4
18 3
23 3
23 4
18 4
4
8 28
9 28
9 33
8 33
4
23 13
24 13
24 18
23 18
4
18 33
23 33
23 34
18 34
4
23 8
24 8
24 13
23 13
4
23 38
24 38
24 43
23 43
4
8 28
13 28
13 29
8 29
4
23 13
24 13
24 18
23 18
4
3 23
8 23
8 24
3 24
4
38 33
39 33
39 38
38 38
4
38 13
43 13
43 14
38 14
4
28 18
29 18
29 23
28 23
4
3 18
4 18
4 23
3 23
4
23 3
24 3
24 8
23 8
4
3 3
8 3
8 4
3 4
4
38 3
39 3
39 8
38 8
4
43 3
48 3
48 4
43 4
4
3 28
4 28
4 33
3 33
4
33 13
34 13
34 18
33 18
4
13 18
18 18
18 19
13 19
4
38 8
43 8
43 9
38 9
4
43 13
48 13
48 14
43 14
4
33 38
38 38
38 39
33 39
4
43 8
44 8
44 13
43 13
4
23 43
28 43
28 44
23 44
4
18 3
19 3
19 8
18 8
4
8 43
9 43
9 48
8 48
4
38 3
43 3
43 4
38 4
4
13 38
14 38
14 43
13 43
4
13 38
18 38
18 39
13 39
4
13 3
14 3
14 8
13 8
4
23 23
28 23
28 24
23 24
4
8 13
9 13
9 18
8 18
4
3 33
8 33
8 34
3 34
4
28 28
33 28
33 29
28 29
4
3 43
4 43
4 48
3 48
